7.768415191049422137e+06 -1.989750271448869607e+05 -5.419978153379167197e+05
-3.022671759063070267e+07 3.103424077063418925e+06 3.861775475601084530e+07
7.456764496882514097e+06 -3.608963619336747215e+05 -5.242689104357977048e+05
7.854196184923967347e+06 -7.327654806584972888e+06 -4.401771812884427607e+06
1.103075922210886888e+07 1.786565449033939093e+07 -1.531999481054645181e+08
-2.103080266204378102e+06 -5.583611882649416104e+06 6.603211727991859615e+07
-1.059444074430661043e+06 -5.384202542209677398e+06 6.132442891937413067e+07
-6.591149199309549294e+05 -3.556722691478376510e+05 -7.423190821015344700e+05
-2.883265706402905635e+05 -7.247481531051658094e+06 -2.093663325219320506e+07
-7.422098592724206392e+05 2.018764683864985127e+06 3.969914018309904262e+06
-7.003370187383026350e+05 -5.938091476276328787e+06 1.020215187484615296e+07
4.339375028609842993e+06 9.462078055260580033e+06 8.639177653534271521e+05
-2.051878765894859098e+06 -1.079445928293900099e+06 -5.242489192618794739e+06
-9.125164515898738755e+05 -3.040732517877868377e+05 -1.248753240103452466e+06
3.377148047904366627e+06 3.635536621276263613e+06 6.915323343997105025e+06
-2.865251066753853578e+06 2.348641764674524311e+06 -2.873909244143556571e+05
-1.898837126770764589e+06 -1.329011077872178331e+07 6.723740387009676779e+05
-2.544828546257167473e+05 3.432650025938182604e+06 -1.613174519636479905e+06
2.828741589427548926e+06 3.663505369153639674e+07 -7.018189577635722235e+05
-4.459246620946958428e+05 -3.722026742065557628e+05 -2.060284974125456065e+06
-1.257561598217811668e+06 -1.053885273779019481e+06 1.922329050114578800e+06
8.102830648888080614e+05 -3.000549960616625845e+07 9.805397404538274277e+05
